       Key |   Top Left   |   Top Right  |  Bottom Left | Bottom Right
-----------------------------------------------------------------------------
         ` | [ 806 1805] | [ 848 1805] | [ 811 1845] | [ 852 1845]
         1 | [ 757 1802] | [ 796 1803] | [ 760 1844] | [ 801 1843]
         2 | [ 707 1801] | [ 747 1803] | [ 708 1843] | [ 748 1844]
         5 | [ 555 1798] | [ 596 1800] | [ 553 1838] | [ 595 1840]
         6 | [ 504 1797] | [ 545 1798] | [ 503 1839] | [ 544 1839]
         7 | [ 454 1796] | [ 495 1798] | [ 451 1837] | [ 493 1838]
         - | [ 251 1792] | [ 292 1793] | [ 245 1832] | [ 287 1834]
         = | [ 200 1791] | [ 242 1793] | [ 194 1832] | [ 235 1833]
    DELETE | [ 123 1791] | [ 189 1790] | [ 117 1831] | [ 185 1831]
       TAB | [ 777 1755] | [ 842 1756] | [ 781 1794] | [ 847 1794]
         0 | [ 301 1793] | [ 343 1794] | [ 297 1834] | [ 339 1835]
         8 | [ 403 1795] | [ 444 1797] | [ 400 1836] | [ 441 1837]
         U | [ 431 1747] | [ 471 1749] | [ 428 1786] | [ 470 1787]
         3 | [ 656 1800] | [ 696 1801] | [ 656 1841] | [ 697 1843]
         4 | [ 604 1800] | [ 646 1800] | [ 606 1841] | [ 647 1841]
         9 | [ 352 1794] | [ 393 1795] | [ 348 1834] | [ 390 1836]
         Q | [ 727 1755] | [ 768 1754] | [ 731 1793] | [ 771 1793]
         Y | [ 481 1748] | [ 521 1750] | [ 479 1788] | [ 519 1789]
         T | [ 530 1749] | [ 571 1751] | [ 529 1789] | [ 569 1790]
         B | [ 495 1654] | [ 534 1655] | [ 494 1691] | [ 534 1691]
         ] | [ 183 1750] | [ 223 1752] | [ 176 1789] | [ 218 1790]
         [ | [ 233 1750] | [ 274 1752] | [ 228 1790] | [ 268 1791]
         \ | [ 132 1750] | [ 172 1751] | [ 125 1790] | [ 166 1790]
         P | [ 284 1749] | [ 324 1753] | [ 277 1788] | [ 317 1791]
         R | [ 576 1752] | [ 618 1751] | [ 577 1790] | [ 620 1789]
    RETURN | [ 139 1654] | [ 217 1654] | [ 134 1691] | [ 213 1691]
         H | [ 468 1654] | [ 508 1653] | [ 468 1691] | [ 508 1691]
         G | [ 516 1653] | [ 555 1653] | [ 515 1691] | [ 557 1691]
         V | [ 542 1654] | [ 581 1654] | [ 543 1691] | [ 584 1691]
         ' | [ 225 1653] | [ 265 1654] | [ 219 1691] | [ 260 1693]
         J | [ 426 1653] | [ 466 1654] | [ 424 1692] | [ 463 1693]
         I | [ 372 1747] | [ 412 1752] | [ 368 1790] | [ 409 1792]
         E | [ 632 1752] | [ 676 1751] | [ 634 1790] | [ 675 1791]
 CAPS_LOCK | [ 760 1654] | [ 836 1654] | [ 767 1692] | [ 841 1692]
         O | [ 330 1749] | [ 370 1751] | [ 325 1789] | [ 366 1791]
     SHFT2 | [ 144 1656] | [ 243 1654] | [ 141 1690] | [ 242 1691]
         ; | [ 275 1652] | [ 315 1655] | [ 269 1689] | [ 310 1692]
         W | [ 680 1749] | [ 720 1752] | [ 680 1789] | [ 720 1791]
         F | [ 568 1652] | [ 608 1654] | [ 567 1691] | [ 607 1693]
         K | [ 367 1653] | [ 407 1654] | [ 363 1691] | [ 404 1693]
         N | [ 450 1654] | [ 489 1655] | [ 448 1691] | [ 489 1690]
         M | [ 396 1652] | [ 435 1655] | [ 391 1690] | [ 432 1691]
         / | [ 255 1653] | [ 294 1655] | [ 250 1691] | [ 290 1692]
         L | [ 322 1652] | [ 362 1654] | [ 318 1691] | [ 358 1692]
    ARROWS | [ 201 1573] | [ 239 1576] | [ 194 1616] | [ 234 1616]
         A | [ 714 1653] | [ 755 1654] | [ 718 1692] | [ 758 1691]
         D | [ 613 1654] | [ 655 1654] | [ 616 1692] | [ 656 1692]
         C | [ 589 1654] | [ 629 1654] | [ 591 1692] | [ 630 1692]
         , | [ 347 1653] | [ 385 1655] | [ 342 1690] | [ 382 1692]
         . | [ 302 1652] | [ 341 1655] | [ 297 1690] | [ 337 1691]
      CMD2 | [ 333 1575] | [ 385 1574] | [ 331 1615] | [ 383 1616]
      ALT2 | [ 296 1574] | [ 335 1575] | [ 291 1615] | [ 331 1617]
         S | [ 665 1653] | [ 705 1653] | [ 667 1691] | [ 708 1691]
     SHFT1 | [ 733 1654] | [ 830 1655] | [ 738 1691] | [ 836 1691]
         Z | [ 688 1654] | [ 729 1654] | [ 692 1691] | [ 731 1691]
         X | [ 642 1654] | [ 681 1654] | [ 645 1692] | [ 684 1691]
     SPACE | [ 400 1578] | [ 623 1573] | [ 402 1613] | [ 630 1617]
        FN | [ 788 1617] | [ 826 1618] | [ 793 1659] | [ 831 1659]
      CTRL | [ 743 1575] | [ 782 1575] | [ 748 1616] | [ 786 1616]
      ALT1 | [ 700 1574] | [ 740 1576] | [ 702 1615] | [ 741 1617]
      CMD1 | [ 638 1575] | [ 691 1575] | [ 642 1616] | [ 693 1616]
